242 1111115111. ’

01111511, Andro, 206. 01118 ,1115111111 177

01115511, 1111151, 205. 01118,1“11511111,167,12.

01111511, 1115115, 205. 01181111111111, 105, 115, 120, 125,
01111511111115111, 205. 119, 155, 189.

015811111155, 62. 01118111115111, 189.
015815,1115115,151,192.0111151811Ρ51111,27.
015815111115111,151. 011111118105111188122.

0111511, Walter, 62. 0111115111, 151551, 55115 to Jhono, 146,
0118151111115, 1111111511, 117. 159, 182185.

0111111111511111111, 193. 0110111111, 1111151, 51.
0111111111551188, 103. 0111111118851111, 5101851115118, 11.
01185, 1115115198. 0115111111111511, 90, 116, 151, 155, 150,
0111158111055181105, 121,110, 160. 103.

01111581111111511111, 121. 0111111118,1115111511, 78.

Cydd 181111, Thomas, 110. 01111518, 151111, 108.

(01111, 0111111511,αᾷ 57 0111111118, 11118151, 118.

0511, Ε1111115111,58. 01111118,11111511,113.
0511,111115111,1.90 01111118,Τ1151115, 181.
05181115111511151151157. 0111111181,111111111,15115111111111115
0511, 11511511, 51, 57,199. Β111111115, 127,182,185.
0511155115101511,27, 70. 0111111118, 1115111,511111111111511,127
051 uhoun‚ Adam, 15515151315115, 18, 0155111511, 1111111151, 85, 127.

2,12,18 74. 011511151851111111181502.
0111111511Ε1511115111, 71, 101, 182, 0151111, 0111111, 98.

179. 015111, Robert, 108.
051111511055181 79, 01,107 0151111515, Besso, 160.
0511111515,15111151109,111, 120. 015111118851118110, 139.
051151511111111151 111’011, 115115 51 01185511, Dauid, 125.

Ρ511111, 03, 65. 0111111511,111511, 119, 125,185,186, 187.
0518111511, 1151551111, 79 0115511115115, 187.
05111·1111511115,1111 it, 183. 011115,81511111,71,00,133.
0511111551011115[51015511151511 01111,111111111,1511 158151115138172,
01115Ξ8115511111151511ῗ 18, 108, 115, 120, {iignngspfflonssoz 18118881, 71891 39

· 1 1 ’ 1 11, .
051 1111511111111111118111151151111115118 0111111111511511, 16

5111111118. 01111111 5,.151151, 171.
0511515011111115, 27. 0111181155,111111111151115511111151
0515,111511,113,170. 151111155551151111155832, 195
0511, 11511511, 177, 179. 01511181111115,1115115, 176.

Combe, 11111115, 75, 76, 99, 105, 110. 01518811111111815195.
0515111, 1111511, 111. 01111118111111, 11115111, 179.
0511115, 1115115, 176. 0151111111,1111 1,101.
0511151,.151118,132,112,113. Curre, Edward, 82, 81, 88.
051111111518151, 161, 185. 01111511, 1115115, 63, 01, 66.
051111,11511511,93,161. 011111,1115115,151111851, 210.
0511111,111511155,97,120,110,112,176. 011111, 151111, 65, 157.
Cottia, 0115151115, 181. 011111, Kotryn, 87.

0158, Agnou, 83, 113, 192. 011111, 11111111, 66.
015811111115179, 177, 188.

01118, 01111511. 171, 132. 1)115111,1113111511,17.
01118, Elisabeth, 113, 169. 0111111151, 11511511, 211.
0118, 1111111115, 160. 0111511151, Thomas, 69, 211.
0118,1’11111151,70. 1)1111151,115111151,19.
01118,05ο185,109,125,119. 11115151, Low, 19.
(1180110511170.11115,Τ11511111,175,101.
011181111151, 1 1111181511, 1511, 41.
01518,1115115,5511 to 111555, 107, 180. 1111181511, Thomas, 49.
0118,111511,03,107.1)111111511,1111155, 183.
01118, 1111185151, 130. 1)111111511,1115115,183

 

