260 11100011.

κ(111100101001000” (1110 1000 01 1110 1100111111, 100.
0011001 0111010), 80. Kendyhill, 170, 178.
0100300, 801000 Ρο1101101, 20. 11001001, 40, 47, 78, 79, 90, 98, 178.
01003000, 12100 2010003000 310001110 01, 1100310010, 89, 102, 117, 120, 127, 185,
0100ἑο,111001011011100110 01, 190. 11000101, 77.
01000010, 111010ιέ1100110 01) 28. 1101100101, 94.
0100300, (1001101010 01, 9, 12. 11000110, 184.
(110030, 110110 and 00130 011, 82. 11οο10010, 148.
010030011100110101101, 7, 9, 82. 11000101, 149, 109, 170.
0101300, 1110011001, 11, 20, 200. 10001001, 149.
(1011101010, 82, 104. 179. 11000101, 180
(10000, 0101101101, 20. 11000001, 182, 187, 192, 193.
(10100, 1110 8110110001, 10. 11000011, 80.
(10101101 land, 84. 1100000111, 80.
111οο100000, 89. 111011111111Ξῗ1111ω113100102 401, in Fife-
Ηο3310, (1011000, 78. 011110, 88.
Ηο3310, (10000, 88. 11103101οο10, 0101101101, 84.
Η ’ , 00000, 101. 1111111000 11000, 212.
1103 011, 48, 84. 11000, 212.
11030111, 179. 11000, 1110101, 208, 209.
Ηο011 10118. 11000, 110111, 01810110, 210.
11011111, 168. 11οο00000000, 48.
Halm, 0011111 0]’, 80. Κο00010000, 100.
Ηο1100 01810110, 04, 60, 00, 08. 11οο1001000, 81.
Ηο1100, 209. 11οο0011ᾱο00, 122.
Ηο110 01810110, 210, 211. Κο00100, 88.
1101100, 207, 209. 1100011010, 189.
110110οο1 810110, 208, 210. Κο1000000001113110100, 13.
Η11110000 01810110, 60. Κο1 0103, Willum, 01100101, 17.
111111οο0, 11011111, 209. 11011100, 108.

Η1111000 01810110, 208, 212.
Ηο11100000, 08. 10110010, 1110, 98.

1101111000, 210. 10οι1111111, 100, 100, 171.

Helymi. 110001 (1110010101, 10. “ mmmmm, Upper Wardos',''Ir1·i·129

11000, N eddir, 190. and Murray's, 88.

Emona 1100011101, 107. 1001011111, 149.

1101100, 1110110100 01, 88. 10000001, 1110, 70.

Ηο00010011, 112, 181. 1110001001, 1110 1101000 and 10301110 01,

Ηο001000, 140. 28, 24, 90, 87.

Haind 10011, 170. 1001011130, 0000101000ιο 01, 82.

Ηο100011000, 188. 1101010001100, 001101010010 01, 108.
1101110300, John 11011 01 11011001,

1110010110, 08. 0001010001οη 1026), 87.

111100, 80130001, 11. 100110ωά,110001100111111001000001110

1111001101 001, 11. 29.

1111001110 0131101, 11. 10011000, 1110, 109.
1001100111, 178.

1110101000, 119. 1001111110 01100, 1110, 84.

1011001000, 124. 1030 Ηο11, 180.

1011001011, 100. 1010 1111 Ηο100, 112.

1000100, 172 1111010011, 80, 140, 100188.
1010110000, 100.

1110000010ιο 144. 10000011, 188.

110011οΗ 11, 40, 84, 80. 1010100111, 142, 100.

110000111110, 87. 1010100111, 108.

11οο1011110, 89. 10000011, 174.

11οο0000111, 98, 98. 1010100011, 188.

1100110 1111, 90, 128. 1013011010, 90.

 

