ffiz

1111111111, 45.

11111 Hyll, 75, 188.
1011111111, 148.

1111111, 198.

Roxburgh, 1111110111 of, 84.
1111111111, 78.

Ryflat, 42, 88, 58.

11111111, 57.

sommum, 74, 83.

81110ογ11111, 90, 88, 104, 117, 158.

8111011111, 70.

8111111111, 84.

81110011111111, 80, 87, 107, 180.

81110011111, 117, 180, 188.

81110111111, 118, 188, 188, 188.

81110091111, 157, 181,178, 188, 188,
184, 180, 188, 189, 190, 181.

8111101111111, 181.

811100111111, 181.

8111011111, 170, 177,180.

811100111111, 188.

81110 1111111, 188.

8111 911111141145.

8111111111111, 188.

81110οᾗ1111, 100.

81100 111, 180, 191.

81111111, 1111111, 88.

8111111111, 11111, 151.

81111111, 1111111, 818.

81118111, N 11111, 818.

81111111 11111, 170.

8111111, North, 814.

811111, North, 814.

8111111, 11111, 74, 108.

811111 11111, 184.

1111111111, 11, 101, 111

8111110, 111111, 188, 187.

811111113111, 18, 84.

81 11111101111111 Collega 11 811111 8.

“ 81 Mun ’1 11110111,” 80.

“81111 ungo's wodo‚'' 88.

“ 81 1711118 wed0w‚'' 100.

8111181111111·1111ρί1111111111111,88.

811ογ Hyllis, 97, 88, 88, 108, 105,

81ηο1111111, 114,174, 170.

Sandy HylL 180.

8110118111, 140,142‚ 188, 198.

811001111111, 180.

81111110, the Primnte os, 88

81111 Collega, 8, 8.

mmlx.

Selkirk, 1111110111 11, 84.
Skipreig, 818.

81111133, 70.

Smyd 1111011811111, 811.

81111, Est, 84.

811113111111101113111, 18, 18.

8111111111, 171.

81111, 48, 88, 08, 84, 85, 88, 87, 08,
807, 808, 808, 810, 811, 818.

81111, 111 barony 110 11311111· of, 23,
1111

81111, “Ρ1111111”11, 87.

8111101111, 188, 189.

8111) eroco, 100.

81111111, 179.

8111111111, 58, 58, 54, 50, 07, 88, 00,
81, 71, 180, 188, 800, 808, 804.

811111111, 18.

8111111111, 180.

Tow 01111, 117.

1111111111οΟ.

11111111, 188, 188.

'I‘owchhyr 11111, 148.
111111111111, 147.

’111111 111, 158

Towq 1111111 gunter, 181, 188.
1111111, 11111, 8, 87, 178, 188.
Thon, 11111, 180.

111111, Eistyr, 155.

1111111, 8111, 150.

1111111111, 111111, 88.
1111100111, 18, 85.

Tytwoyd, 47.

1101110, 88.

11111οο, 151.

11111111, pamla os, 88.
1111111101 111, 57.
Weysche' 1, 187.
Wydsyd, 48, 80.
Wodesyd, 104.
11110110, 74.
11111110, 188, 180.
11111111 Hyss, 75.
1111111111 HyIl, 88.
11111111 Hyl, 108.
Wynchbrouo, 111 barony 18, 88
Wynsburcht, 108.
Wyndy flego, 80, 184.
Wynd Heygo, 180.
1110111131, 158.

 

