218

111101100111011, 175.

Μο00111100, Ρ111111, 112.

1110ᾶο1118, Bishop, 80.

Μ111111, domos, 189.

ΜοΚο, Jhone, 171, 182.

1101111111, Dauid, notar, 125, 128,
141, 144, 147, 149, 100, 158.

1101111111, 501111, 104.

Μ11111111, Adam, 147.

1111111111111110, 82, 117.

111111 Ηο11811,108,152, 180.

11111 111, J hon, 1011151101, 128, 180,

1111111111, John, 79, 85, 99, 117, 128,
111, 111, 100, 111.

1111111111, 501111, 107.

1111111111, 1111011, 88.

1111111, nonen, 101, 101, 111.

11111 11111100111011111, 188, 147,
152,154.

1111111111, 1001110, 85, 88,00,184,188.

1111111111, 11111 ,10111111 81, 82, 185.

1110 0011101111 01Ρ1111, 8.

11ο 10, John, 12.

Menum “Η1011110110101,” 70, 75,

1111101111111111101, 148, 140.
11111111111111111 148.
11110111000110011,27.

1111111111 01 1011111110, the 0010111101,
1111111101, 0110110111, 199.
11111, 11111111, 185.

111110, 1110110, 44.

11111111, Dauid, 42.

11111110, 1111111, son 01 David 11111111,
1111500110, 182.

1111011, 1110 Earn 01, 88.

11110110, Marion, 78.

1111100111, 001111, 100.

1111100111, Dauid, 118.

1111100111, Dyk, 199.

11111000, Elin, 158.

1111011111,11 1011, 104.

1101110111, 10011, 88, 199.
110110111, Schir Andro, 70.
11110011, Male, 159.

1111100111, Marion, 148,184.
1111111111, Robert, 181.

1111100111, Schir 1100111, 109, 180.
11111111, Jhon, 92, 131, 184.
11110110110011, 88, 102, 105.
1111011001, 120, 157.

111101, 11011011, 10011111 01 0110111,
Motho, Michol, 157.

111101, 1101111, 120.

1111001, Ρ111111, 104.

11110011, 1100011, 104.

ΔΡΡ1111111Χ.

11111171, 1110111, 89, 90, 98, 108, 105,
111100, 101111, 75, 81, 84, 102, 159.
1111111, 1171111111, 102, 105.

1111111101, dhone, 209.

1111111111 01 1111011 Pollok, 27.
1111111, 8101101101, 151.

1111111011, Georgos 01, 0111011110, 88.
11111101, 1110110, 01 Nyddyr Poo1k, 151,
1111111, 100111, 1010110011151, 174.
1111111011501111, 08, 189, 161, 170.
11111011, Jhon 01 (Kowglon), 88.
1111111011, 1111100111, Bishop 0101111111,

’ 27, 78, 88.

111111, Adam, 111.

111111, 11101011, 108.

111111, Alexander, 111.

111111, 01100111, 02, 97.

1111111, 80011 Dauid, 157.

111111, 111118,122.

Μ11111, 1111111, 108, 189.

111111, 10011, 185.

1111111, Jhones, 77, 89, 00, 02, 97,
101, 111, 111.

111111, 101111, 188.

111111, 1100011, 122, 178.

1111111, Robin, 1111 01 1110110 1111111, 89.

navilo, 1171115111, 0 nauh, 12

11111111, 11111101110 1110111011111,

11110111, 8111111145.

Mongumbry, Andro, 181.

Mongunrry, 01111111, 101, 114, 148.

Montgurnrie, 1111110110, 188, 170.

110111111ωο11, 1101111, 185.

Montgumbry, 1111111, 135, 178.

Mongumbry,.1hon, 181.

Mnngumbry, 11110011, 188, 180.

1101110011110, 1111100011, 11111ιο11 010101-
1010, 180.

Montgomery, Chios Boron, 85.

Montgomory, Sir (11111111, Bam, 85.

Montgomery, Bishop 1100011, 29.

1101111111810111111111, 185.

1111110110, 1111111, 11110011101111011,

1111111111, mos, 108.
1

1101111111, come, 180.
110110111111111111, 180.
1101111111, Andro, 88.
1101110111111110, 180.
1111110111, 80111, 128.
Μο11101111,10011, 89, 188.
1101111011, 101111, 155, 184.
111111011111101111, 122, 188.
11011101, 11111111, 08, 181.
01011101, Ρ111111, 175.
0111111011, 1111111, 180, 182, 158.
11011101, 11111011, 178.

 

