APPENDIX.

INDEX OF PLAOES.

10000000οπ, 81.

Achinnarne, 41, 42, 74.

0000000000, 110, 111.

1100100000, 103.

100 000,103,111.

Aue 0000000, 74.

1000000000, 83.

1100100000, 162, 163.

0000100001εο, 171.

0000100000, 130.

1100οί0οἰ000, 193.

0000010001, 36.

Aah 000,93,100,103.

Aue ynloeh, 104.

000101000, 104, 129.

0000101000134, 130, 177, 173, 191.

0000010000, 132.

1100001000, 133.

0000101000, 131, 191.

410οο1000, 70.

11001000, 80.

11000000οο11, 102.

3000001, tho 000000 und 00001110 01,
&awa

1100000010, 0100000100 01, 24.

00000010, 100 1101001 01, 33.

1100010, David, Bishop 01, 17.

Arrun, 3001001101, 34, 37, 53.

110000 01 31030, 208.

1100101010, 100 000000 and 0000111001,

3100010100, 100 000000 01, 10 1000011·
00100, 33.

1100000 ,47.

1100000 00000, 36.

3000110100 00132.

00001000001, 151.

0000010100, 160.

Ayr, burgenses 01, 11.

1100, portos, 12.

110001110011.

1100700οἰ00 3001111100 ” (1100001000), 12,

3000000, 141.
3001100110οω0, 75.
3010000100, 122.
30100010, 47, 73, 73.

30100010, 11000, 112131, 132, 134, 175,
30100010, 92.

3010000100,

30100010, 11011000, 137.

Β 0, 0010, 119.
30100100,122.

30100000, 11000100, 154.

3000010, 11000, 153.

Β 011000, 192.

30 gray, 81, 135, 113,177, 131.
3000000, 43.

Β 00, 33, 02.

30 0000000, 72, 70, 32, 139, 190.
3010000000, 101, 123,135.
3010000000, 35.

3010000000, 100.

3000000000, 81.

301000ος000, 97.
gangem& 111.
3010010000, 105, 137, 157, 176.
3010ιο00010, 115.

Β ,117Ι

30100 000000120.

3010000000, 135.

3010000000, 145.

3000000000οο, 143.
3000000000149.

301000000οε, 155, 160, 139, 194.

00010010, 100.

30010010 1011, 143.
Bar, 151.
300001000, 153.
30000100, 135.
3110000000, 127.
3000000οι0, 77.
300000οη0, 83.
30000000, 110, 156.
3000010000, 36.
1100000000, 91, 101, 132, 156.
3010001100, 133, 184.
3000011000, 107.
30001000, 110.
3000010000, 130.
3000001000, 152.
3000000οε, 131.
3010000000, 173.

 

