214 1611116111.

1611666, 111 11611611, 10. 6611166, Alexander (Brother os 116 1611
161616, the, 28. os 1166111), 110.
1611161, Dauid, 101, 109. 6611166, 111666, 192.
1611161, John, 10, 160. 66166,16116,131, 110, 166.
16161, 16116, 17, 88. 6616616116, burgen 61 61661611, 131,
166161, 11166, 666 111 Dauid, 101. 116.
1611161, 16661, 97. 661660, 1161666, 116.
166161, wilzum, 109, 160. 66666, John. 16.
161161, Τ116616, 78. 6161 in Τ6161666, 1166111616, and 611-
1611661, 6116166, 202 6166, 27, 73.
1611661, 11166, 71. 616111666661111, 166.
161661, 1161666, 01, 196197. 6161, 666186, 6666 6111611611, 83, 87.
161661,16661,206. 616 ,666116 6666 61 111666, 83, 122,
161661, Thomas, 206. 119.
161166111161661, 71. 6161, 666116666 16 666136108112
1666661111 61 711661 11111611 and 661- 6161,161666,18,73,103,109,110,122,
616 166, 2 . 131, 111.
16166111, Alexander, 61 11661 11111111, (1161,111666,66616111111661,118.
82, 163. 616, 111666, 62, 69, 01.
16166111, Alexander, off 6616161616, 82. 6161, 111666, 78, 80, 103, 100,107,109,
161616, sames, 166. 116, 111, 111, 166.
16166111,111666, 82. 6111116661, 07, 97, 180, 202.
16166111, 11613161, 82. 6161, 16661, 200.
16161116 61111166, 116, 78. 6161, 1161666, 133.
1616111116 Η6111111, 27. 6161, 1161116, 116.
16161111, Dauid, 78, 116, 103. 6161, 11611611, 83, 87.
16161161, 11166, 110, 163. 6161, Thomas, 201.
16161111, Sir 11161666, 15. 6161, 1116166, 62, 69, 110, 173.
16116116661116, 31. 616 ,1111161686 92, 103, 113, 118.
1166 6ο6,111666,187. 6 6166116161189.
1161116666, Andro, 611111 1111161, 01. 6161616, 1 ohne 611, 63.
1160166666, 16661161, 87. 6161166, 11611611, 6666 611 1611116 611
11611166, william, 100, 108. 616116616Τ6116661661616116, 63.
6111116616, Η61666, daughter 61 the Earl
6111111661, 16116116, 176. 61 1166116116, 18.
66111661, 11166111, 86, 189. urant, 1116611616111161166611686, ³9.
Gardnar, Georgo, 6666 611 wylle, 85, 61611, 161666, 211.
117, 61611, 11166, 09.
66111661, 111666, 611161, 79. 61611, 111666, 211.
66111661,111666, 79, 101, 116. 61161666, Thomas, 210.
66111661, 816616, 110, 189, 190. 61161666, 111661, 06.
66111661, wylle, 86. (1116161111, Thomas. 210.
66116611, 11616661, 121. 6111666, Andro, 170.
66116611, 1111111616, 98, 110, 121. 61116661 66117.
661166661611618161, 161. 616666, 616161 Dauid, 166.
(16166, 11116666, 100. 61116611, 666136171.
66166, 111666, 81, 100. 6111666, 111666, 211.
66166, Teme, 81. 6111666, 1611111, 111.
661666, the, 1666666111666, 28. 6111666, 161666, 92, 129.
6611116616661, 209. Gy 66, John, junior, 19.
Gorgon, Agnes, 611116 1111666, 137. (1111116, 11166, 6666361, 92, 177.
661366,16661,61166 11116611, 136. 6111666, 11166, 71, 77, 92113, 131,
Ger ou, 116166 azias 1111166, 13 . 111, 111, 111, 116, 111.
(1611366, 16116, 97. 6111666,.16661, 111, 116.
6616111116,Τ1161666,91. 61116666, 11611166, 68.
66166, 1161661111, 93. 6111666, 1161666, 86, 63, 91.
661116, Thomas, 121. 61116666, 11663611, 163.
611116111666, 81, 121. 6111666, 161111, 70.
6111 616661, 126. 61116666, Thomu, 09, 70, 163, 100,
66611116, Dr, 61111111 Facias, 17. 170.

 

